[gd_scene load_steps=2 format=2]

[ext_resource path="res://nodes/seaweed.tscn" type="PackedScene" id=1]

[node name="bush" type="Spatial"]

[node name="seaweed" parent="." instance=ExtResource( 1 )]
transform = Transform( 0.524536, 0, 0.851388, 0, 1, 0, -0.851388, 0, 0.524536, 0, 0, 2.88749 )

[node name="seaweed2" parent="." instance=ExtResource( 1 )]
transform = Transform( 1, 0, 0, 0, 1, 0, 0, 0, 1, 2.88194, -1.27613, -0.87156 )

[node name="seaweed3" parent="." instance=ExtResource( 1 )]
transform = Transform( 1, 0, 0, 0, 1, 0, 0, 0, 1, -1.91268, -3.41372, -4.43303 )

[node name="seaweed4" parent="." instance=ExtResource( 1 )]
transform = Transform( 1, 0, 0, 0, 1, 0, 0, 0, 1, 2.13374, -3.92802, -6.69446 )

[node name="seaweed5" parent="." instance=ExtResource( 1 )]
transform = Transform( 0.164979, 0, -0.986297, 0, 1, 0, 0.986297, 0, 0.164979, -4.80034, 0, 0.960618 )

[node name="seaweed6" parent="." instance=ExtResource( 1 )]
transform = Transform( 0.841407, 0, 0.540402, 0, 1, 0, -0.540402, 0, 0.841407, 5.72875, -2.95029, 7.46991 )

[node name="seaweed7" parent="." instance=ExtResource( 1 )]
transform = Transform( 0.68862, 0, 0.725122, 0, 1, 0, -0.725122, 0, 0.68862, -9.77002, -2.27907, 6.975 )
